207824
207831
207838
207850
207862
207890
207920
208021
208038
208083
208112
208133
208148
208165
208189
208206
208225
208240
208258
208294
208314
208336
208358
208381
208397
208404
208426
208437
208461
208484
208500
208530
208561
208587
208600
208618
208634
208680
208712
208735
208761
208782
208807
208835
208855
208869
208883
208914
209405
209413
209423
209434
209445
209456
209473
209508
209579
209610
209624
209636
209696
209714
209754
209781
209803
209829
209844
209865
209897
209921
209945
209968
209992
210006
210021
210030
210041
210066
210093
210121
210144
210170
210203
210234
210256
210282
210315
210331
210359
210378
210396
210415
210431
210444
210471
210518
210548
